150085,150086,163111,5:5
150096,150097,161715,5:5
150321,150322,161032,5:5
150152,150153,161022,5:5
150175,150176,161831,5:5
150135,150136,164508,5:5
150317,150318,164907,5:5
150108,150109,160809,5:5
150289,150290,168204,5:5
150190,150191,164304,5:5
150301,150302,160419,5:5
150106,150107,161118,5:5
150287,150288,168203,5:5
150221,150222,164402,5:5
150263,150264,162413,5:5
150088,150089,162107,5:5
150293,150294,160135,5:5
150213,150214,161223,5:5
150265,150266,168201,5:5
150073,150075,163209,4:6
150145,150146,161718,5:5
150053,150054,162216,4:6
150090,150091,161910,5:5
150138,150139,161825,5:5
150030,150031,161816,5:5
150291,150292,168205,5:5
150261,150262,162412,5:5
502021,502022,502020,5:5
150123,150124,165312,5:5
150247,150248,164818,5:5
150112,150113,164811,5:5
150167,150168,161811,5:5
150211,150212,161028,5:5
150064,150065,160808,4:6
150130,150131,160219,5:5
150057,150058,162010,4:6
150140,150141,167601,5:5
150295,150296,160136,5:5
150219,150220,164401,5:5
150267,150268,160517,5:5
150117,150118,160218,5:5
150188,150189,161719,7:3
150299,150300,160418,5:5
150196,150197,160221,5:5
150281,150282,160814,5:5
150223,150224,161027,5:5
150049,150050,160127,5:5
150028,150029,165511,4:6
502037,502038,502036,5:5
150104,150105,160417,5:5
150059,150060,161819,4:6
150094,150095,162907,5:5
150198,150199,160222,5:5
150205,150206,160630,5:5
150181,150182,161024,5:5
150209,150210,161026,5:5
150047,150048,161818,2:8
150022,150023,163109,5:5
150225,150226,160516,5:5
150092,150093,165707,5:5
150215,150216,160224,5:5
150051,150052,165515,5:5
150203,150204,160629,5:5
150018,150019,161812,5:5
150169,150170,164705,5:5
502007,502008,502006,5:5
150217,150218,164905,5:5
150229,150230,160632,5:5
502049,502050,502048,5:5
150245,150246,160636,5:5
150237,150238,160634,5:5
150315,150316,161031,5:5
150148,150149,165519,5:5
150235,150236,160633,5:5
150259,150260,161123,5:5
150173,150174,165522,5:5
150150,150151,165520,5:5
150143,150144,161826,7:3
150200,150201,161720,5:5
150171,150172,163113,5:5
150039,150040,166010,7:3
502014,502015,502013,5:5
150179,150180,160626,5:5
150249,150250,161723,5:5
150283,150284,163118,5:5
150083,150084,162714,5:5
150269,150270,161725,5:5
150277,150278,160639,5:5
150177,150178,160625,5:5
150241,150242,161029,5:5
150251,150252,161724,5:5
150335,150336,161628,5:5
150297,150298,160137,5:5
150243,150244,160637,5:5
150184,150185,163114,5:5
150100,150101,160620,5:5
150227,150228,160631,5:5
150255,150256,161121,5:5
150257,150258,161122,5:5
150157,150158,165521,5:5
502001,502002,502000,5:5
150271,150272,161726,5:5
150192,150193,160628,5:5
150133,150134,167701,7:3
150121,150122,161507,5:5
150231,150232,163116,5:5
150076,150077,166802,5:5
150273,150274,160638,5:5
150207,150208,161721,5:5
150012,150013,162509,4:6
150275,150276,167503,5:5
150186,150187,163115,5:5
150307,150308,161030,5:5
150194,150195,161025,5:5
150233,150234,163117,5:5
150164,150165,165809,7:3
150279,150280,160640,5:5
150055,150056,164809,4:6
150305,150306,168001,5:5
150036,150037,165310,4:6
150032,150033,160718,8:2
150066,150067,160217,7:3
150016,150017,163406,4:6
